0.757419
5.27403
1.48626
0.631743
0.713174
5.88821
0.0807176
10.1983
3.32221
1.94394
3.42195
0.144291
2.51741
0.477313
0.245913
0.680883
0.644721
3.03169
1.20935
0.920526
1.96506
0.355832
0.234965
4.33017
3.36282
1.0752
1.20952
1.94031
1.99906
1.24198
0.175871
1.38986
0.961029
2.45674
0.688725
0.248115
1.80715
2.88799
0.394641
2.05324
4.6344
2.45266
2.44199
2.99616
3.91869
2.23175
2.46223
2.89431
0.158892
4.23939
2.04234
1.36805
1.22329
1.80774
1.25791
2.73281
1.14916
1.5432
0.943906
0.697229
1.11668
3.29736
4.85883
0.51889
0.664902
1.06819
0.119403
3.83295
1.01029
0.402555
0.769261
1.3717
0.242501
1.20509
2.01673
0.527422
1.86149
0.0125892
2.83724
0.690885
0.855378
1.86519
2.34741
1.46111
1.54658
3.02255
0.422405
0.993922
0.0809651
0.352136
0.0312719
3.85721
1.81525
1.88529
1.2316
2.52527
1.27062
0.439411
5.87534
0.35965
0.759639
3.34045
0.41394
0.772047
0.825781
2.56221
0.182186
7.60858
0.17207
6.19496
0.0246061
1.00803
1.81935
0.509338
0.494494
2.7276
1.53287
4.24228
0.0705891
1.8012
0.324886
0.213779
2.79128
0.323204
1.99734
0.570918
1.63763
1.53082
1.24936
0.0275898
1.30826
0.44486
1.17958
5.50221
3.76901
1.57931
1.82085
2.91942
1.39549
1.3127
0.345306
0.575795
2.15117
1.66735
5.44386
0.488725
1.07119
0.119166
2.31811
0.225531
4.57188
0.331341
1.02978
3.99538
3.86594
2.82742
3.34771
1.48421
2.26352
5.64091
2.6092
0.833324
0.243905
4.52822
4.50395
1.98852
2.45103
3.83494
1.08372
1.79391
0.431784
0.983405
6.51191
4.09284
8.14306
2.96413
1.54956
0.11894
0.665946
2.45932
10.4016
3.4903
0.761002
0.832756
5.72012
4.61848
3.67406
0.0105048
1.37563
0.140229
1.76102
3.64645
5.90281
1.97648
3.57753
0.277623
2.32994
0.2001
0.769588
3.6032
1.0808
1.71599
0.681852
0.73335
0.777607
0.248251
1.4371
0.625855
2.98474
2.81803
0.225442
1.17236
1.94127
0.370351
0.339556
3.69326
1.18537
0.716216
1.60058
0.301293
7.24907
2.09318
1.13694
1.04927
1.63458
6.72331
0.706858
1.66208
0.301753
0.0270366
1.06528
2.9435
3.53774
0.109784
3.33682
5.46922
1.56517
2.83681
3.42476
1.47731
1.04673
3.09132
1.22767
1.44423
0.356371
0.596356
5.00323
5.42875
0.660544
