0.0692108
12.8635
11.8887
3.61987
1.44626
4.96063
1.07476
1.04668
1.42356
1.6469
3.67696
0.319711
1.81501
5.33028
2.20939
6.57008
6.78558
4.34162
4.94589
2.87199
2.34357
0.574925
1.66133
0.438605
2.73878
11.9375
0.227932
0.88049
3.73525
3.43456
0.890927
1.87902
0.521583
4.13068
1.12089
2.39838
1.09609
1.2258
0.789509
0.383504
4.82352
0.0884286
1.98579
0.812978
1.85715
3.26272
7.94305
4.43443
5.4663
13.4048
2.26761
6.51918
2.57023
1.7152
2.56595
2.50243
3.17744
12.4686
1.23222
1.14214
1.85014
10.6434
1.3441
0.817773
6.70402
6.30181
4.14312
3.15727
4.69542
13.1206
1.73029
6.12228
4.94657
3.46242
2.06875
5.07955
2.13817
3.82236
2.63369
2.60834
5.99039
3.67118
2.27705
0.155114
3.24711
6.59812
1.35729
4.96603
0.570407
0.814369
3.69867
3.41468
3.0246
4.25817
2.66158
0.950383
8.82565
3.05761
3.12148
4.39316
1.05881
4.09562
0.177719
4.19053
0.459533
2.04012
3.42026
2.77365
0.769727
0.618919
1.74343
2.43883
1.8637
1.87213
2.54418
1.37844
0.806369
2.07162
1.90852
1.95934
5.71557
3.68095
2.46157
3.05317
3.8597
1.63682
0.567598
1.70625
1.62985
4.08364
0.560669
0.236437
3.8625
0.217141
1.02221
5.77833
33946.6
4.72009
5.30581
2.55313
3.01396
3.47571
1.17431
0.155834
4.28743
0.679758
0.357528
1.58121
3.22991
0.405437
5.1924
1.45005
7.81594
0.909992
2.08359
1.46688
1.96102
1.13015
3.08114
1.80331
2.90593
4.04787
2.44245
0.584654
4.3702
2.65595
2.99317
5.03294
6.48354
2.48685
1.42601
1.26521
4.03929
2.54082
6.13306
0.990415
3.44284
2.67053
7.93215
2.19676
1.46716
5.34853
0.767677
1.46838
3.99754
5.08421
1.12545
2.99175
0.507982
5.12621
1.15356
14.2235
5.68229
2.18858
1.6188
1.05801
2.35406
4.88743
5.41285
5.06105
3.35457
1.24509
5.53209
9.334
2.72366
0.539504
5.99062
2.70838
2.54935
1.84249
9.18428
3.83809
3.57129
4.79991
1.14574
1.15744
7.05787
3.93059
4.8339
3.56713
1.7995
2.97284
7.18551
0.204282
0.2738
5.6596
2.26681
7.37773
1.86516
0.682008
0.409506
0.815324
0.0652153
8.84826
5.28832
0.873958
0.457396
0.891593
0.926155
0.122648
2.97629
9.62632
0.247863
3.78422
4.61799
2.87551
7.10047
0.983396
1.55552
