0.757463
5.5102
1.67675
0.786622
0.903485
6.89409
0.144185
9.93571
3.18237
1.84329
3.33109
0.151408
2.80351
0.3958
0.293504
0.879876
0.679486
3.67834
1.52558
0.824062
1.88233
0.460683
0.179756
4.6269
3.83927
1.36279
1.82773
1.82357
2.85694
2.05017
0.411465
2.12686
1.45455
3.52866
1.29288
0.120992
2.11259
3.88033
0.366172
1.76613
5.58684
3.25297
2.56675
2.75997
4.02232
2.68202
3.52064
3.73282
0.665745
4.06174
3.18903
1.33929
1.74638
2.12452
1.83052
3.89072
0.833192
1.06669
1.25723
1.04944
1.45631
4.08361
6.18976
0.238013
0.46962
1.40477
0.174358
4.496
1.30809
0.326602
0.849755
0.974826
0.117457
1.57996
2.57353
0.774769
1.60631
0.0155592
3.53504
0.78227
1.24343
1.37892
2.47168
1.84946
1.44365
3.49596
0.668102
1.00766
0.131044
0.37449
0.0587111
4.12025
1.79599
2.74899
1.60528
3.58696
0.728819
0.47325
5.55108
0.592298
0.906343
3.91969
0.291126
1.04251
0.935073
2.99784
0.282
8.91904
0.0234695
7.4788
0.159478
1.405
1.56436
0.449559
0.559146
2.6055
1.64431
4.51598
0.129337
1.9789
0.201793
0.222785
2.99947
0.479411
1.96186
0.581327
1.75575
1.78931
1.10384
0.0239952
1.29128
0.478512
1.22462
5.39512
3.84678
1.5714
1.80677
3.2818
1.10267
1.4685
0.260225
0.781812
1.82421
1.75232
5.89689
0.491185
1.09566
0.111418
2.48797
0.370773
5.38942
0.123686
1.39699
4.37619
4.44077
2.76829
3.78329
2.19193
2.92819
6.60175
3.55418
1.04459
0.35319
5.9362
4.6499
2.27928
3.47085
5.06599
1.70935
2.86272
0.351115
1.4866
8.15106
5.94922
6.2546
3.77539
2.06241
0.157733
1.05078
2.90014
12.7638
4.86747
1.17262
0.392403
7.52751
4.87035
4.11288
0.151896
1.9324
0.204855
2.37589
4.78714
7.26355
2.68349
2.68494
0.118569
2.90749
0.392877
0.828604
4.54322
1.50837
1.62628
0.640421
0.67249
0.846596
0.316776
1.57703
0.777961
2.67016
3.30194
0.183182
1.47761
2.46665
0.613611
0.507974
3.99751
1.51279
0.751661
1.31084
0.406231
8.36855
1.87955
1.35721
1.20653
2.12806
7.23679
0.915409
1.82914
0.442745
0.0168208
0.873622
3.13632
4.23684
0.176213
4.30879
4.58895
1.86781
2.57979
3.77935
1.35635
1.14573
3.46183
1.28945
1.26508
0.271787
0.484388
5.82346
4.91301
0.702245
