0.0692109
13.062
13.5
4.58395
2.20227
6.27346
0.702058
0.918261
1.75386
1.61322
3.95967
0.413064
2.08942
5.19379
2.22236
7.04087
6.80964
4.57437
5.36439
3.57679
2.04454
0.609819
1.77439
0.544636
3.11005
12.4978
0.365732
0.848061
4.07927
3.77496
0.811203
2.3178
0.505012
5.27356
1.17829
2.5093
1.54813
1.37746
1.07434
0.361841
5.46764
0.141697
2.12464
1.0661
2.38819
4.23495
8.31438
5.43887
6.15838
15.9409
2.19566
8.22763
3.21026
2.35212
3.6087
3.44245
3.6185
16.0294
1.9922
1.55203
2.77406
13.3715
0.845331
1.06623
8.24322
6.64585
5.54817
3.64317
5.67664
15.1366
1.88661
6.64399
6.30339
5.00611
3.57427
7.54298
2.88032
4.88958
3.81432
3.95471
7.48983
3.73239
2.85622
0.185756
3.92509
7.69692
2.31982
6.08294
1.12644
1.10627
4.00677
4.63142
3.90813
4.35052
3.23421
1.19354
10.1605
3.03444
3.86317
5.76853
0.798995
4.21914
0.171274
4.99653
0.446066
1.94349
4.08063
3.91433
1.41274
0.37771
1.58929
2.18756
1.65055
1.99481
2.75986
1.80794
0.786388
2.22035
1.84223
1.88767
5.8563
3.61762
2.49583
3.3547
3.5765
1.65829
0.579067
1.79993
1.47959
4.11406
0.624135
0.210926
4.09261
0.385239
1.09857
5.55952
35253.7
4.86542
5.77476
2.40156
3.78154
3.57267
1.40839
0.157469
4.26423
0.767394
0.368387
1.71665
3.50099
0.419146
5.43363
1.45283
8.40424
1.13621
2.37288
1.47964
2.11602
1.47147
3.32378
2.00688
3.19422
4.59012
2.6044
0.569052
4.3688
3.15312
3.54087
5.3998
6.00423
2.81113
1.98828
1.23897
4.22685
3.18434
6.96875
0.945138
3.76692
3.04472
9.46466
2.30767
1.90917
6.50944
0.979316
1.9755
4.99819
6.07467
2.00532
3.91016
0.667591
5.19785
1.64968
16.016
8.07982
4.20725
2.35888
1.58824
3.01918
6.53761
6.00611
6.72998
4.67712
1.61318
6.15711
9.67863
3.87618
1.02688
7.81245
3.52381
3.69904
2.87015
9.99074
4.81065
5.22455
6.14777
0.885612
1.23978
7.75503
5.09439
6.9015
3.25996
1.98843
2.74585
7.96873
0.0837437
0.306617
6.0351
2.66228
9.06837
1.73525
0.911352
0.662466
1.10104
0.129104
9.87559
5.27568
1.01433
0.444562
1.015
0.934051
0.119183
3.08528
11.7398
0.218041
3.60936
4.70899
3.01862
7.3486
0.809891
1.59382
